63
31
47
127
15
111
55
119
23
103
39
95
7
123
59
87
27
107
43
91
11
115
51
83
19
99
35
79
3
125
61
93
29
109
45
75
13
117
53
85
21
101
37
77
5
121
57
89
25
105
41
73
9
113
49
81
17
97
33
71
1
126
62
94
30
110
46
78
14
118
54
86
22
102
38
69
6
122
58
90
26
106
42
74
10
114
50
82
18
98
34
70
2
124
60
92
28
108
44
76
12
116
52
84
20
100
36
68
4
120
56
88
24
104
40
72
8
112
48
80
16
96
32
65
0
127
63
95
31
111
47
79
15
119
55
87
23
103
39
71
7
123
59
91
27
107
43
75
11
115
51
83
19
99
35
64
3
125
61
93
29
109
45
77
13
117
53
85
21
101
37
69
5
121
57
89
25
105
41
73
9
113
49
81
17
97
33
65
1
126
62
94
30
110
46
78
14
118
54
86
22
102
38
70
6
122
58
90
26
106
42
74
10
114
50
82
18
98
34
67
2
124
60
92
28
108
44
76
12
116
52
84
20
100
36
68
4
120
56
88
24
104
40
72
8
112
48
80
16
96
32
64
0
127
63
95
31
111
47
79
15
119
55
87
23
103
39
71
7
123
59
91
27
107
43
75
11
115
51
83
19
99
35
67
3
125
61
93
29
109
45
77
13
117
53
85
21
101
37
69
5
121
57
89
25
105
41
73
9
113
49
81
17
97
33
65
1
126
62
94
30
110
46
78
14
118
54
86
22
102
38
70
6
122
58
90
26
106
42
74
10
114
50
82
18
98
34
67
2
124
60
92
28
108
44
76
12
116
52
84
20
100
36
68
4
120
56
88
24
104
40
72
8
112
48
80
16
96
32
64
0
127
63
95
31
111
47
79
15
119
55
87
23
103
39
71
7
123
59
91
27
107
43
75
11
115
51
83
19
99
35
67
3
125
61
93
29
109
45
77
13
117
53
85
21
101
37
69
5
121
57
89
25
105
41
73
9
113
49
81
17
97
33
65
1
126
62
94
30
110
46
78
14
118
54
86
22
102
38
70
6
122
58
90
26
106
42
74
10
114
50
82
18
98
34
66
2
124
60
92
28
108
44
76
12
116
52
84
20
100
36
68
4
120
56
88
24
104
40
72
8
112
48
80
16
96
32
64
0
127
63
95
31
111
47
79
15
119
55
87
23
103
39
71
7
123
59
91
27
107
43
75
11
115
51
83
19
99
35
67
3
125
61
93
29
109
45
77
13
117
53
85
21
101
37
69
5
121
57
89
25
105
41
73
9
113
49
81
17
97
33
65
1
126
62
94
30
110
46
78
14
118
54
86
22
102
38
70
6
122
58
90
26
106
42
74
10
114
50
82
18
98
34
66
2
124
60
92
28
108
44
76
12
116
52
84
20
100
36
68
4
120
56
88
24
104
40
72
8
112
48
80
66
16
96
32
64
0
127
63
95
31
111
47
79
15
119
55
87
23
103
39
71
7
123
59
91
27
107
43
75
11
115
51
83
19
99
35
67
3
125
61
93
29
109
45
77
13
117
53
85
21
101
37
69
5
121
57
89
25
105
41
73
9
113
49
81
17
97
33
65
1
126
62
94
30
110
46
78
14
118
54
86
22
102
38
70
6
122
58
90
26
106
42
74
10
114
50
82
18
98
34
66
2
124
60
92
28
108
44
76
12
116
52
84
20
100
36
68
4
120
56
88
24
104
40
72
8
112
48
80
16
96
32
64
0
127
63
95
31
111
47
79
15
119
55
87
23
103
39
71
7
123
59
91
27
107
43
75
11
115
51
83
19
99
35
67
3
125
61
93
29
109
45
77
13
117
53
85
21
101
37
69
5
121
57
89
25
105
41
73
9
113
49
81
17
97
33
65
1
126
62
94
30
110
46
78
14
118
54
86
22
102
38
70
6
122
58
90
26
106
42
74
10
114
50
82
18
98
34
66
2
124
60
92
28
108
44
76
12
116
52
84
20
100
36
68
4
120
56
88
24
104
40
72
8
112
48
80
16
96
32
64
0
127
63
95
31
111
47
79
15
119
55
87
23
103
39
71
7
123
59
91
27
107
43
75
11
115
51
83
19
99
35
67
3
125
61
93
29
109
45
77
13
117
53
85
21
101
37
69
5
121
57
89
25
105
41
73
9
113
49
81
17
97
33
65
1
126
62
94
30
110
46
78
14
118
54
86
22
102
38
70
6
122
58
90
26
106
42
74
10
114
50
82
18
98
34
66
2
124
60
92
28
108
44
76
12
116
52
84
20
100
36
68
4
120
56
88
24
104
40
72
8
112
48
80
16
96
32
64
0
127
63
95
31
111
47
79
15
119
55
87
23
103
39
71
7
123
59
91
27
107
43
75
11
115
51
83
19
99
35
67
3
125
61
93
29
109
45
77
13
117
53
85
21
101
37
69
5
121
57
89
25
105
41
73
9
113
49
81
17
97
33
65
1
126
62
94
30
110
46
78
14
118
54
86
22
102
38
70
6
122
58
90
26
106
42
74
10
114
50
82
18
98
34
66
2
124
60
92
28
108
44
76
12
116
52
84
20
100
36
68
4
120
56
88
24
104
40
72
8
112
48
80
16
96
32
64
0
127
63
95
31
111
47
79
15
119
55
87
23
103
39
71
7
123
59
91
27
107
43
75
11
115
51
83
19
99
35
67
3
125
61
93
29
109
45
77
13
117
53
85
21
101
37
69
5
121
57
89
25
105
41
73
9
113
49
81
17
97
33
65
1
126
62
94
30
110
46
78
14
118
54
86
22
102
38
70
6
122
58
90
26
106
42
74
10
114
50
82
18
98
34
66
2
124
60
92
28
108
44
76
12
116
52
84
20
100
36
68
4
120
56
88
24
104
40
72
8
112
48
80
16
96
32
64
0
127
63
95
31
111
47
79
15
119
55
87
23
103
39
71
7
123
59
91
27
107
43
75
11
115
51
83
19
99
35
67
3
125
61
93
29
109
45
77
13
117
53
85
21
101
37
69
5
121
57
89
25
105
41
73
9
113
49
81
17
97
33
65
1
126
62
94
30
110
46
78
14
118
54
86
22
102
38
70
6
122
58
90
26
106
42
74
10
114
50
82
18
98
34
66
2
124
60
92
28
108
44
76
12
116
52
84
20
100
36
68
4
120
56
88
24
104
40
72
8
112
48
80
16
96
32
64
0
127
63
95
31
111
47
79
15
119
55
87
23
103
39
71
7
123
59
91
27
107
43
75
11
115
51
83
19
99
35
67
3
125
61
93
29
109
45
77
13
117
53
85
21
101
37
69
5
121
57
89
25
105
41
73
9
113
49
81
17
97
33
65
1
126
62
94
30
110
46
78
14
118
54
86
22
102
38
70
6
122
58
90
26
106
42
74
10
66
114
50
82
18
98
34
66
2
124
60
92
28
108
44
76
12
116
52
84
20
100
36
68
4
120
56
88
24
104
40
72
8
112
48
80
16
96
32
64
0
127
63
95
31
111
47
79
15
119
55
87
23
103
39
71
7
123
59
91
27
107
66
43
75
11
115
51
83
19
99
35
67
3
125
61
93
29
109
45
77
13
117
53
85
21
101
37
69
5
121
57
89
25
105
41
73
9
113
49
81
17
97
33
65
1
126
62
94
30
110
46
78
14
118
54
86
22
102
38
70
6
122
58
90
26
106
42
74
10
114
50
82
18
98
34
66
2
124
60
92
28
108
44
76
12
116
52
84
20
100
36
68
4
120
56
88
24
104
40
72
8
112
48
80
16
96
32
64
0
127
63
95
31
111
47
79
15
119
55
87
23
103
39
71
7
123
59
91
27
107
43
75
11
115
51
83
19
99
35
67
3
125
61
93
29
109
45
77
13
117
53
85
21
101
37
69
5
121
57
89
25
105
41
73
9
113
49
81
17
97
33
65
1
126
62
94
30
110
46
78
14
118
54
86
22
102
38
70
6
122
58
90
26
106
42
74
10
114
50
82
18
98
34
66
2
124
60
92
28
108
44
76
12
116
52
84
20
100
36
68
4
120
56
88
24
104
40
72
8
112
48
80
16
96
32
64
0
127
63
95
31
111
47
79
15
119
55
87
23
103
39
71
7
123
59
91
27
107
43
75
11
115
51
83
19
99
35
67
3
125
61
93
29
109
45
77
13
117
53
85
21
101
37
69
5
121
57
89
25
105
41
73
9
113
49
81
17
97
33
65
1
126
62
94
30
110
46
78
14
118
54
86
22
102
38
70
6
122
58
90
26
106
42
74
10
114
50
82
18
98
34
66
2
124
60
92
28
108
44
76
12
116
52
84
20
100
36
68
4
120
56
88
24
104
40
72
8
112
48
80
16
96
32
64
0
127
63
95
31
111
47
79
15
119
55
87
23
103
39
71
7
123
59
91
27
107
43
75
11
115
51
83
19
99
35
67
3
125
61
93
29
109
45
77
13
117
53
85
21
101
37
69
5
121
57
89
25
105
41
73
9
113
49
81
17
97
33
65
1
126
62
94
30
110
46
78
14
118
54
86
22
102
38
70
6
122
58
90
26
106
42
74
10
114
50
82
18
98
34
66
2
124
60
92
28
108
44
76
12
116
52
84
20
100
36
68
4
120
56
88
24
104
40
72
8
112
48
80
16
96
32
64
0
