4
11
0
0
13
4
12
9
15
8
14
10
15
8
15
9
15
4
9
0
6
13
1
5
5
11
10
3
0
13
5
15
3
10
10
12
15
15
14
8
7
13
6
15
3
12
9
15
15
15
1
13
0
9
3
7
2
1
5
2
9
13
9
2
6
9
13
9
7
9
9
8
0
8
13
11
7
3
1
0
11
4
6
3
10
11
8
12
12
9
1
6
1
13
13
5
14
4
15
11
15
12
14
0
2
15
13
12
15
10
2
14
14
13
6
4
1
9
11
10
8
11
0
7
2
13
14
8
9
12
0
8
11
3
1
2
15
8
0
2
1
12
12
5
12
11
13
5
5
7
5
12
15
4
13
1
11
5
4
15
15
14
10
5
13
4
6
11
6
8
5
15
14
0
6
14
6
15
15
9
13
3
14
12
9
10
6
12
10
5
15
15
13
5
1
1
14
11
4
12
14
6
14
7
10
0
2
12
1
8
8
13
10
2
1
11
7
9
2
1
2
0
8
3
5
13
10
3
0
5
7
2
7
4
4
0
10
12
4
14
13
1
2
13
10
4
10
7
1
3
3
9
1
3
10
10
11
7
11
9
13
4
1
1
3
2
7
0
5
10
3
15
0
13
13
5
13
12
3
8
11
3
4
9
11
5
1
4
14
3
4
13
4
2
14
6
10
1
5
5
11
1
3
7
1
15
13
12
7
10
11
4
6
5
3
8
8
14
15
2
10
14
4
4
0
7
3
11
5
0
7
14
6
5
11
14
13
13
3
9
12
14
12
1
2
14
10
6
3
4
1
10
7
0
6
10
0
0
7
2
2
7
4
6
6
3
1
6
8
8
15
5
11
10
6
12
2
7
2
9
3
6
2
3
1
8
11
7
0
2
10
9
11
11
14
0
2
6
2
11
14
2
8
9
4
14
6
14
6
9
6
6
5
6
9
8
12
0
7
6
15
7
5
6
6
3
7
11
5
6
8
4
12
1
2
9
14
11
9
15
8
11
2
14
3
7
0
12
8
12
0
1
5
12
7
3
9
12
4
7
0
12
8
0
4
4
13
15
14
4
2
3
8
1
1
12
3
8
8
5
10
9
11
2
8
0
12
0
14
5
13
10
10
7
8
10
10
3
7
2
11
14
5
8
12
7
9
9
4
7
15
4
