15
7
11
3
23
13
19
5
21
9
17
1
31
14
22
6
29
10
18
2
30
12
20
4
28
8
16
0
31
15
23
7
27
11
19
3
29
13
21
5
26
9
17
1
30
14
22
6
27
10
18
2
28
12
20
4
26
8
16
0
31
15
23
7
27
11
19
3
29
13
21
5
25
9
17
1
30
14
22
6
26
10
18
2
28
12
20
4
25
8
16
0
31
15
23
7
27
11
19
3
29
13
21
5
25
9
17
1
30
14
22
6
26
10
18
2
28
12
20
4
25
8
16
0
31
15
23
7
27
11
19
3
29
13
21
5
25
9
17
1
30
14
22
6
26
10
18
2
28
12
20
4
24
8
16
0
31
15
23
7
27
11
19
24
3
29
13
21
5
25
9
17
1
30
14
22
6
26
10
18
2
28
12
20
4
24
8
16
0
31
15
23
7
24
27
11
19
3
29
13
21
5
25
9
17
1
30
14
22
6
26
10
18
2
28
12
20
4
24
8
16
0
31
15
23
7
27
11
19
3
29
13
21
5
25
9
17
1
30
14
22
24
6
26
10
18
2
28
12
20
4
24
8
16
0
31
15
23
7
27
11
19
3
29
13
21
5
25
9
17
1
30
14
22
6
26
10
18
2
28
12
20
4
24
8
16
0
31
15
23
7
27
11
19
3
29
13
21
5
25
9
17
1
30
14
22
6
26
10
18
2
28
12
20
4
24
8
16
0
31
15
23
7
27
11
19
3
29
13
21
5
25
9
17
1
30
14
22
6
26
10
18
2
28
12
20
4
24
8
16
0
31
15
23
7
27
11
19
3
29
13
21
5
25
9
17
1
30
14
22
6
26
10
18
2
28
12
20
4
24
8
16
0
31
15
23
7
27
11
19
3
29
13
21
5
25
9
17
1
30
14
22
6
26
10
18
2
28
12
20
4
24
8
16
0
31
15
23
7
27
11
19
3
29
13
21
5
25
9
17
1
30
14
22
6
26
10
18
2
28
24
12
20
4
24
8
16
0
31
15
23
7
27
11
19
3
29
13
21
5
25
9
17
1
30
14
22
6
26
10
18
2
28
12
20
4
24
8
16
0
31
15
23
7
27
11
19
3
29
13
21
5
25
9
17
1
30
14
22
6
26
10
18
2
28
12
20
4
24
8
16
0
