31
15
23
7
47
27
39
11
43
19
35
3
63
29
45
13
59
21
37
5
61
25
41
9
57
17
33
1
62
30
46
14
55
22
38
6
58
26
42
10
53
18
34
2
60
28
44
12
54
20
36
4
56
24
40
8
52
16
32
0
63
31
47
15
55
23
39
7
59
27
43
11
51
19
35
3
61
29
45
13
53
21
37
5
57
25
41
9
50
17
33
1
62
30
46
14
54
22
38
6
58
26
42
10
51
18
34
2
60
28
44
12
52
20
36
4
56
24
40
8
50
16
32
0
63
31
47
15
55
23
39
7
59
27
43
11
51
19
35
3
61
29
45
13
53
21
37
5
57
25
41
9
49
17
33
1
62
30
46
14
54
22
38
48
6
58
26
42
10
50
18
34
2
60
28
44
12
52
20
36
4
56
24
40
8
49
16
32
0
63
31
47
15
48
55
23
39
7
59
27
43
11
51
19
35
3
61
29
45
13
53
21
37
5
57
25
41
9
49
17
33
1
62
30
46
14
54
22
38
6
58
26
42
10
50
18
34
2
60
28
44
48
12
52
20
36
4
56
24
40
8
49
16
32
0
63
31
47
15
55
23
39
7
59
27
43
11
51
19
35
3
61
29
45
13
53
21
37
5
57
25
41
9
49
17
33
1
62
30
46
14
54
22
38
6
58
26
42
10
50
18
34
2
60
28
44
12
52
20
36
4
56
24
40
8
48
16
32
0
63
31
47
15
55
23
39
7
59
27
43
11
51
19
35
3
61
29
45
13
53
21
37
5
57
25
41
9
49
17
33
1
62
30
46
14
54
22
38
6
58
26
42
10
50
18
34
2
60
28
44
12
52
20
36
4
56
24
40
8
48
16
32
0
63
31
47
15
55
23
39
7
59
27
43
11
51
19
35
3
61
29
45
13
53
21
37
5
57
25
41
9
49
17
33
1
62
30
46
14
54
22
38
6
58
26
42
10
50
18
34
2
60
28
44
12
52
20
36
4
56
48
24
40
8
48
16
32
0
63
31
47
15
55
23
39
7
59
27
43
11
51
19
35
3
61
29
45
13
53
21
37
5
57
25
41
9
49
17
33
1
62
30
46
14
54
22
38
6
58
26
42
10
50
18
34
2
60
28
44
12
52
20
36
4
56
24
40
8
48
16
32
0
